Empresa 1:
273195769081857674763628
192055108622984958392709
30762392720345566919956
81892798556741346154699
271252275147035049408427
273187728605463057361201
277504895961873757239899
68201346047604445407416
Empresa 2:
109823343090092953944017
134763215821147930810032
261150449722032877761616
283828298375388671142705
202204298264366473030119
375743045956376781795663
69837982904912717819653
35543821145848117671864
Empresa 3:
153929295867379237096604
96299509908795079099099
30600080377616556113514
103326410116509808354965
352697367762765440362691
95660357923520475332996
69754211356009554787800
81917985040501402624682